Epoch: [0/30][0/49006] Time 1.070 (avg:1.070) Loss avg:447.303711, Last 100 losses avg = 447.3037109375
Epoch: [0/30][1000/49006] Time 0.120 (avg:0.118) Loss avg:1457.013658, Last 100 losses avg = 1477.8938309550285
Epoch: [0/30][2000/49006] Time 0.056 (avg:0.119) Loss avg:1413.465290, Last 100 losses avg = 1334.6555968022346
